Testy wykonane na kwadratowej funkcji chłodzenia (FUNCTION_TYPES.QUADRATIC)

C:\AGH\Grafy\Cwiczenia\Graphs\Lab6>python task.py input/4.dat
[0, 1, 2, 3, 0]
Długość cyklu: 24.0
0.27896738052368164 s (it_max=10)

C:\AGH\Grafy\Cwiczenia\Graphs\Lab6>python task.py input/4.dat
[0, 1, 2, 3, 0]
Długość cyklu: 24.0
0.6639864444732666 s (it_max=50)

C:\AGH\Grafy\Cwiczenia\Graphs\Lab6>python task.py input/59.dat
[0, 14, 28, 56, 10, 52, 54, 27, 20, 23, 42, 31, 6, 12, 11, 30, 21, 22, 13, 9, 36, 8, 3, 51, 26, 37, 24, 55, 48, 39, 46, 2, 16, 1, 53, 47, 35, 15, 40, 5, 41, 57, 58, 7, 43, 4, 19, 32, 44, 18, 33, 38, 29, 34, 49, 45, 25, 17, 50, 0]
Długość cyklu: 1738.9238098032408
5.31200098991394 s  (it_max=10)

C:\AGH\Grafy\Cwiczenia\Graphs\Lab6>python task.py input/59.dat
[0, 28, 14, 56, 6, 54, 10, 27, 12, 57, 11, 52, 32, 31, 45, 29, 4, 43, 19, 15, 7, 58, 39, 13, 36, 9, 51, 26, 8, 37, 3, 24, 55, 1, 21, 48, 2, 22, 40, 5, 46, 41, 30, 35, 16, 47, 53, 44, 18, 38, 33, 34, 42, 23, 49, 25, 17, 20, 50, 0]
Długość cyklu: 1257.3208637908674
26.344987154006958 s (it_max=50)

C:\AGH\Grafy\Cwiczenia\Graphs\Lab6>python task.py input/59.dat
[0, 28, 14, 20, 17, 25, 49, 23, 45, 42, 33, 34, 18, 38, 44, 13, 36, 9, 8, 51, 26, 37, 3, 24, 55, 1, 21, 46, 5, 41, 40, 22, 30, 16, 35, 15, 58, 47, 48, 2, 39, 53, 7, 43, 19, 57, 11, 52, 12, 54, 6, 56, 27, 10, 4, 32, 29, 31, 50, 0]
Długość cyklu: 1101.7722773323403
55.246586561203 s (it_max=100)

C:\AGH\Grafy\Cwiczenia\Graphs\Lab6>python task.py input/200.dat
[0, 101, 193, 88, 66, 121, 174, 54, 163, 111, 133, 49, 33, 87, 51, 31, 108, 56, 57, 38, 94, 27, 114, 80, 106, 86, 162, 75, 59, 156, 21, 152, 7, 116, 2, 58, 92, 178, 165, 109, 119, 40, 173, 65, 39, 132, 76, 15, 68, 198, 70, 155, 136, 137, 24, 37, 14, 145, 149, 195, 191, 192, 67, 107, 143, 186, 179, 25, 23, 93, 71, 184, 12, 164, 115, 9, 20, 167, 28, 96, 72, 182, 131, 91, 82, 97, 85, 117, 50, 172, 95, 171, 34, 35, 197, 125, 196, 36, 73, 46, 63, 1, 52, 64, 166, 102, 110, 103, 199, 26, 158, 10, 176, 62, 122, 113, 19, 175, 154, 45, 181, 89, 124, 16, 17, 160, 8, 61, 153, 77, 44, 170, 188, 190, 127, 98, 189, 83, 177, 151, 90, 78, 22, 142, 135, 126, 79, 147, 148, 43, 48, 29, 134, 139, 144, 112, 140, 194, 11, 18, 138, 150, 120, 47, 159, 6, 4, 146, 74, 105, 13, 180, 3, 123, 55, 128, 129, 104, 130, 141, 81, 157, 32, 53, 30, 118, 5, 99, 185, 41, 84, 42, 169, 168, 183, 60, 69, 100, 187, 161, 0]
Długość cyklu: 11822.914091697692
89.15399479866028 s (it_max=10)

C:\AGH\Grafy\Cwiczenia\Graphs\Lab6>python task.py input/200.dat
[0, 92, 165, 63, 1, 73, 52, 22, 93, 112, 88, 189, 35, 192, 178, 66, 155, 32, 118, 81, 18, 196, 169, 11, 96, 100, 68, 113, 41, 89, 45, 128, 167, 69, 97, 27, 148, 15, 176, 108, 151, 166, 83, 84, 87, 67, 104, 130, 77, 62, 34, 191, 135, 129, 5, 107, 64, 121, 139, 157, 193, 143, 126, 79, 197, 142, 24, 186, 131, 136, 144, 180, 102, 71, 37, 91, 164, 179, 19, 72, 85, 124, 60, 94, 48, 49, 38, 57, 140, 132, 40, 111, 133, 163, 99, 183, 36, 187, 43, 16, 181, 17, 7, 116, 42, 125, 54, 56, 46, 195, 119, 28, 39, 158, 55, 50, 117, 154, 51, 171, 198, 75, 190, 162, 44, 110, 98, 173, 82, 14, 4, 146, 114, 13, 123, 8, 188, 59, 147, 21, 153, 170, 127, 12, 90, 138, 70, 61, 134, 172, 122, 152, 29, 199, 10, 20, 106, 80, 103, 156, 3, 6, 76, 149, 159, 47, 182, 78, 74, 105, 160, 2, 86, 95, 9, 120, 115, 175, 31, 65, 26, 145, 109, 174, 33, 185, 168, 177, 194, 161, 30, 25, 53, 23, 137, 184, 141, 150, 58, 101, 0]
Długość cyklu: 6855.376426102007
448.1359760761261 s (it_max=50)

C:\AGH\Grafy\Cwiczenia\Graphs\Lab6>python task.py input/200.dat
[0, 135, 32, 194, 34, 67, 130, 195, 56, 54, 187, 111, 100, 132, 99, 113, 51, 7, 39, 68, 181, 45, 60, 119, 43, 33, 183, 48, 36, 168, 94, 185, 28, 42, 15, 158, 176, 41, 89, 167, 97, 27, 96, 177, 76, 145, 116, 10, 199, 19, 134, 170, 70, 62, 121, 178, 88, 193, 52, 93, 71, 73, 25, 66, 1, 63, 112, 78, 91, 74, 159, 182, 136, 47, 184, 53, 90, 82, 105, 146, 4, 123, 14, 21, 190, 106, 2, 80, 9, 95, 85, 115, 120, 117, 50, 175, 124, 122, 151, 152, 172, 108, 65, 148, 69, 55, 154, 128, 16, 31, 171, 188, 147, 72, 75, 198, 127, 173, 61, 150, 141, 153, 12, 37, 137, 13, 180, 179, 8, 98, 3, 114, 160, 6, 77, 166, 104, 87, 126, 102, 186, 79, 58, 83, 197, 84, 149, 129, 46, 40, 196, 163, 133, 49, 169, 174, 5, 142, 81, 64, 11, 161, 101, 125, 109, 17, 29, 26, 20, 162, 44, 59, 86, 156, 103, 110, 144, 164, 138, 24, 192, 131, 189, 143, 118, 18, 57, 155, 92, 165, 22, 23, 35, 157, 30, 107, 139, 191, 38, 140, 0]
Długość cyklu: 5295.930651147549
903.1417050361633 s (it_max=100)

C:\AGH\Grafy\Cwiczenia\Graphs\Lab6>python task.py input/200.dat
[0, 57, 92, 161, 195, 46, 101, 107, 11, 149, 130, 5, 174, 129, 166, 34, 145, 199, 10, 29, 116, 19, 122, 65, 134, 162, 21, 8, 173, 110, 86, 59, 156, 80, 2, 106, 20, 147, 175, 31, 128, 97, 124, 158, 176, 51, 108, 172, 77, 6, 104, 87, 83, 84, 67, 64, 121, 81, 18, 32, 118, 30, 155, 165, 142, 192, 62, 131, 186, 102, 138, 90, 24, 189, 79, 58, 197, 88, 157, 63, 193, 1, 66, 178, 73, 25, 35, 23, 112, 93, 143, 126, 52, 22, 71, 53, 91, 137, 182, 78, 184, 47, 159, 37, 136, 12, 74, 150, 141, 164, 61, 153, 70, 170, 160, 82, 180, 44, 179, 105, 13, 114, 144, 146, 4, 123, 14, 103, 98, 3, 127, 190, 198, 75, 188, 115, 85, 95, 171, 9, 120, 72, 50, 55, 154, 117, 16, 167, 69, 148, 45, 181, 41, 89, 27, 60, 185, 43, 177, 96, 100, 140, 54, 56, 125, 169, 40, 194, 76, 42, 109, 17, 151, 152, 26, 7, 113, 68, 39, 99, 28, 15, 119, 33, 36, 183, 94, 48, 168, 132, 111, 163, 49, 133, 187, 191, 139, 196, 38, 135, 0]
Długość cyklu: 3249.0046647649533
3517.0488710403442 s (it_max=400)